 0.658  1.570 1
 0.676  1.185 1
-0.084  0.343 0
 1.019  0.956 1
 0.853  0.901 1
 0.407  1.148 1
-0.001  0.756 0
 0.903  1.249 1
 0.751  1.207 1
 0.542  0.487 0
 0.478  1.408 1
 0.694  0.170 0
 0.300  0.110 0
 0.141  0.305 0
 0.459  1.398 1
 0.307  0.292 0
 0.784  1.383 1
 0.417  0.469 0
 0.521  0.455 0
 0.930  1.199 1
 0.778  1.545 1
 0.833  1.085 1
 0.774  1.543 1
 0.138  0.444 0
 0.093  0.527 0
 0.790  1.597 1
 0.006  0.094 0
 0.004  0.373 0
 0.971  1.468 1
 0.920  1.148 1
-0.263  0.228 0
 0.030  0.569 0
 0.315  0.124 0
 0.495  0.459 0
 0.840  0.751 1
 0.255  0.590 0
 0.295  0.285 0
-0.009  0.284 0
 0.141  0.259 0
 0.314  0.690 0
-0.243  0.436 0
 0.653  1.149 1
 0.163  0.487 0
 0.539  1.203 1
 0.239 -0.131 0
 0.984  1.101 1
 0.782  1.155 1
-0.642  0.219 0
 0.032  0.498 0
 0.116  0.673 0
-0.240  0.197 0
-0.407  0.491 0
 0.612  0.344 0
-0.256 -0.097 0
-0.062  0.240 0
 0.152  0.497 0
 0.306  0.562 0
 0.468  1.337 1
-0.211  0.495 0
 0.917  1.594 1
 0.891  1.293 1
 1.351  1.328 1
 0.325  0.610 0
 1.195  1.306 1
 0.544  1.525 1
 0.229 -0.001 0
 0.068  0.132 0
 0.817  1.540 1
 0.353  0.383 0
 0.400  1.091 1
 0.105  0.435 0
 0.448  0.103 0
 0.851  1.184 1
 0.320  0.575 0
-0.092  0.114 0
 0.722  1.516 1
 0.294  0.489 0
 0.426  1.360 1
 0.342  1.453 1
 1.171  1.379 1
 0.611  0.156 0
 0.786  1.369 1
-0.023  0.381 0
 0.961  0.592 0
 0.612  1.612 1
 0.942  0.958 1
 0.310  0.698 0
 1.127  1.109 1
 0.002  1.075 0
 0.299  0.716 0
 0.826  1.532 1
 0.428  0.205 0
 0.392  0.685 0
 0.465  1.109 0
 0.550  1.154 1
 1.026  1.281 1
 0.367  0.491 0
 0.540  1.570 1
 0.684  0.168 0
 0.071  0.407 0
-0.070  1.031 0
-0.024  0.331 0
 0.649  1.256 1
-0.461  0.684 0
 0.543  0.577 0
 0.460  0.581 0
 0.557  0.123 0
-0.011  0.634 0
-0.126  0.129 0
 1.303  1.001 1
-0.045  0.596 0
 0.485  0.671 0
 0.703  1.397 1
 0.921  1.226 1
 0.982  1.172 1
 0.726  1.108 1
 0.146  0.369 0
 0.019  0.256 0
 1.124  1.233 1
 1.025  1.335 1
 0.899  1.480 1
 1.059  1.219 1
-0.211  0.594 0
 0.159  0.282 0
-0.276  0.159 0
 0.361  0.122 0
 0.332  0.107 0
 0.305 -0.273 0
-0.171  0.133 0
 0.940  1.426 1
-0.057  0.191 0
 0.371  1.128 0
 0.391  0.229 0
 0.772  1.344 1
 0.248  0.563 0
 0.881  1.426 1
 0.324  0.449 0
 0.066  0.530 0
-0.318  0.522 0
 0.126  0.953 0
 0.869  1.265 1
 0.275  0.217 0
 0.219  0.339 0
 0.715  1.210 1
 0.262  0.281 0
-0.032  0.825 0
 0.501  0.586 0
 0.066  0.524 0
 0.782  1.213 1
 0.308  0.554 0
 0.773  1.437 1
 0.415 -0.041 0
 1.050  1.007 1
 1.167  1.419 1
 0.535  1.699 1
 0.419  0.597 0
 0.465 -0.169 0
 0.329  0.416 0
 0.265  0.684 0
 0.848  1.367 1
 0.943  1.493 1
 0.656  1.569 1
 1.168  1.422 1
 0.634  1.334 1
 0.110  0.637 0
-0.511 -0.181 0
 0.295 -0.131 0
 0.273 -0.444 0
 0.467  0.298 0
 0.105  0.912 0
 0.315  0.302 0
 0.647  0.556 0
 0.250  0.555 0
 0.373  0.756 0
-0.296  0.016 0
 0.452  0.858 0
 1.006  1.300 1
-0.030 -0.080 0
 0.939  1.224 1
 0.244  0.561 0
 0.097  0.124 0
 0.289  0.561 0
 0.578  0.365 0
 0.725  1.093 1
 0.118  0.323 0
-0.011  0.794 0
 0.404  0.002 0
 0.567  1.273 1
 0.652  0.058 0
 0.721  1.547 1
 0.263  0.392 0
 0.347  1.467 1
-0.279  0.328 0
 0.796  0.576 0
 0.822  1.599 1
 0.747  1.363 1
 0.609  0.071 0
 0.506  0.834 1
 1.127  1.320 1
 0.481  1.538 1
-0.189  0.831 0
 1.108  0.834 1
 0.412  1.728 1
 0.754  1.408 1
 0.153  0.298 0
 0.821  1.328 1
-0.148  0.116 0
 0.703  1.336 1
 0.475  1.265 1
 0.424  0.663 0
 0.314  1.024 0
 0.920  1.444 1
 0.998  1.372 1
-0.018  0.279 0
 0.698  1.411 1
 0.364  0.141 0
 1.430  1.283 1
 0.662  0.891 1
 0.329  0.841 0
 0.845  1.522 1
-0.096  0.292 0
 0.859  1.348 1
 0.521 -0.098 0
 0.390  0.142 0
 0.254  0.860 0
 0.816  1.094 1
 0.480  1.575 1
 0.931  0.899 1
 0.844  1.395 1
 0.085  0.246 0
 0.165  0.339 0
 1.160  1.116 1
 1.019  1.387 1
 0.420  0.247 0
 0.644  1.480 1
 0.580  1.463 1
 0.047  0.491 0
 0.229  0.712 0
 0.344  0.084 0
-0.036  0.769 0
-0.052  0.244 0
 0.155  0.356 0
 0.358  0.590 0
 0.779  1.051 1
 0.120  0.623 0
-0.118  0.899 0
-0.153  0.027 0
-0.020 -0.079 0
 1.112  1.208 1
 0.328 -0.113 0
 0.714  1.186 1
 0.578  0.856 1
 0.139  0.519 0
 0.788  1.151 1
 0.486  0.541 0
 0.298  0.273 0
 0.646 -0.170 0
 0.842  1.426 1
-0.127  0.513 0
 0.793  1.568 1
 0.727  1.131 1
-0.114  0.294 0
 0.816  1.285 1
 0.410  0.765 0
 0.418  0.686 0
 0.767  1.520 1
 0.570  1.414 1
-0.081  0.632 0
-0.110  0.744 0
 0.374  0.741 0
 0.793  0.489 0
-0.167  0.398 0
-0.002  0.590 0
 0.750  1.446 1
 0.512  0.386 0
 0.206  0.228 0
 0.215  0.578 0
 1.029  1.624 1
 0.339  0.418 0
 0.594  0.932 0
 0.072  0.040 0
 1.034  1.259 1
 0.046  0.292 0
 0.688  1.575 1
-0.029 -0.031 0
 0.935  1.218 1
 0.905  0.289 0
 0.431  0.048 0
-0.019  0.112 0
 0.496  0.219 0
-0.030  0.044 0
 0.778  1.263 1
 0.955  1.212 1
 0.740  1.001 1
 0.736  1.252 1
 0.543  1.325 1
 0.339  0.455 0
 1.057  1.682 1
-0.200  0.815 0
 0.782  1.280 1
-0.453  0.802 0
 0.366  0.213 0
 0.726  1.238 1
 0.256  0.731 0
 0.405  0.438 0
 0.703  1.079 1
 0.516  0.779 0
-0.022  0.485 0
 0.622  0.574 0
 0.103  0.180 0
 0.142  0.252 0
 0.001  0.451 0
 0.392  1.184 1
 0.303  0.753 0
 0.105  0.245 0
 0.405  0.104 0
 0.766  1.307 1
-0.287  0.572 0
 0.923  1.082 1
-0.097  0.340 0
 0.400  1.453 1
 0.573  1.417 1
 0.376  0.381 0
-0.091  0.312 0
 0.383  0.148 0
 1.058  1.264 1
 0.793  1.375 1
 0.968  1.540 1
 0.497  0.078 0
 0.148  0.656 0
 0.525  0.205 0
 0.779  1.070 1
 0.385  0.360 0
 0.198  0.506 0
-0.292  0.806 0
-0.074  0.246 0
 0.470  1.397 1
 0.933  1.098 1
 0.912  1.488 1
 1.101  1.298 1
 0.323  0.606 0
 0.387  0.173 0
-0.083  0.226 0
-0.220 -0.319 0
 0.157  0.481 0
 0.292 -0.267 0
 0.716  1.360 1
 0.520  0.615 0
 0.539  0.563 0
 0.723  1.285 1
 0.553  0.620 0
 0.457  1.054 1
 0.098  0.378 0
-0.407  0.308 0
 1.157  1.175 1
 1.109  1.234 1
-0.053  0.572 0
 0.651  1.534 1
 0.675  1.432 1
 0.653  1.090 1
 0.603  0.344 0
 1.011  1.174 1
 0.664  1.393 1
 0.758  1.637 1
-0.371  0.978 0
 0.347  0.726 0
 0.019  0.311 0
-0.197  0.053 0
 0.545  0.613 0
 0.221  0.140 0
 0.238  0.502 0
 0.992  1.284 1
 1.173  1.260 1
 0.678  1.471 1
 0.855  1.412 1
 0.437  0.305 0
 0.942  1.301 1
-0.070  0.319 0
 0.335  0.445 0
 0.138  0.754 0
 0.382  0.359 0
 0.809  1.248 1
 0.762  1.154 1
 0.577  1.267 1
 0.106  0.329 0
 0.393  0.981 0
 0.293  0.621 0
 0.016  0.590 0
-0.215  0.321 0
 0.582  1.328 1
 0.394 -0.334 0
 1.080  1.332 1
 0.447  0.454 0
 0.633  1.217 1
 0.261  0.520 0
 0.888  1.110 1
 0.992  0.126 0
 0.164 -0.151 0
 0.539  0.332 0
 0.148  0.594 0
 0.037  0.233 0
 0.253  0.420 0
 0.622  0.413 0
 0.432  0.359 0
 0.384  0.019 0
 0.807  1.350 1
 0.748  1.260 1
 0.408  0.528 0
 0.301  0.082 0
 0.354  0.073 0
 0.862  1.416 1
 0.786  1.226 1
 0.867  0.874 1
-0.008  0.630 0
-0.007  0.218 0
 0.691  1.354 1
 0.797  1.744 1
 0.579  1.202 1
 1.048  1.294 1
 0.384  0.307 0
 0.863  1.888 1
 0.417  1.354 1
 1.010  1.189 1
 0.651  1.353 1
 1.077  1.175 1
-0.091  0.165 0
 0.386  0.566 0
 0.855  1.238 1
 0.946  1.178 1
 0.816  0.998 0
 0.093  0.412 0
-0.356  0.734 0
-0.050  0.105 0
 0.963  1.931 1
-0.216  0.759 0
 0.902  1.052 1
 0.465  0.055 0
-0.678  0.567 0
 0.146  0.123 0
 0.167  0.204 0
 0.949  1.432 1
 0.566  1.482 1
 0.568  1.566 1
-0.334  0.468 0
 0.077  0.420 0
 0.196 -0.052 0
-0.328  0.487 0
 0.527  0.348 0
 0.726  1.542 1
 0.949  1.468 1
 0.184  0.534 0
 0.168  0.344 0
 0.183  0.177 0
 0.452  0.023 0
 0.290  0.203 0
 0.986  1.411 1
 0.647  1.338 1
 0.708  0.516 0
 0.568  1.413 1
-0.218  0.694 0
 0.962  1.359 1
 0.773  1.456 1
 0.489  0.293 0
 0.786  1.338 1
 0.920  0.035 0
 0.150 -0.149 0
 0.147  0.367 0
 0.442  0.321 0
 0.993  1.130 1
 1.068  1.190 1
-0.240  0.371 0
 0.706  1.128 1
 0.289  0.242 0
-0.177  0.441 0
 0.405  0.381 0
 0.802  1.353 1
 0.840  1.529 1
 1.077  1.782 1
 0.725  1.309 1
 0.338  0.147 0
 0.409  0.456 0
 0.556  0.258 0
 0.039  0.783 0
 0.172  0.389 0
 0.442  0.263 0
 0.614  1.148 1
 0.197  0.425 0
-0.431  0.468 0
 0.285 -0.018 0
-0.341  0.707 0
 0.822  1.294 1
 0.744  1.380 1
 0.586  0.778 0
 0.633  0.889 0
 0.744  0.254 0
-0.054  0.776 0
 0.222 -0.574 0
-0.451  0.038 0
 0.022  0.354 0
 0.190  0.149 0
